  0
SECTION
  2
HEADER
  9
$ACADVER
  1
AC1015
  9
$ACADMAINTVER
 70
    13
  9
$DWGCODEPAGE
  3
ANSI_1252
  9
$INSBASE
 10
0.0
 20
0.0
 30
0.0
  9
$EXTMIN
 10
-2.61594613988756
 20
-4.439152280653643
 30
0.0
  9
$EXTMAX
 10
21.52958035681819
 20
20.80120440564565
 30
0.0
  9
$LIMMIN
 10
0.0
 20
0.0
  9
$LIMMAX
 10
12.0
 20
9.0
  9
$ORTHOMODE
 70
     0
  9
$REGENMODE
 70
     1
  9
$FILLMODE
 70
     1
  9
$QTEXTMODE
 70
     0
  9
$MIRRTEXT
 70
     1
  9
$LTSCALE
 40
1.0
  9
$ATTMODE
 70
     1
  9
$TEXTSIZE
 40
0.2
  9
$TRACEWID
 40
0.05
  9
$TEXTSTYLE
  7
Standard
  9
$CLAYER
  8
ceco.net 17
  9
$CELTYPE
  6
ByLayer
  9
$CECOLOR
 62
   256
  9
$CELTSCALE
 40
1.0
  9
$DISPSILH
 70
     0
  9
$DIMSCALE
 40
1.0
  9
$DIMASZ
 40
0.18
  9
$DIMEXO
 40
0.0625
  9
$DIMDLI
 40
0.38
  9
$DIMRND
 40
0.0
  9
$DIMDLE
 40
0.0
  9
$DIMEXE
 40
0.18
  9
$DIMTP
 40
0.0
  9
$DIMTM
 40
0.0
  9
$DIMTXT
 40
0.18
  9
$DIMCEN
 40
0.09
  9
$DIMTSZ
 40
0.0
  9
$DIMTOL
 70
     0
  9
$DIMLIM
 70
     0
  9
$DIMTIH
 70
     1
  9
$DIMTOH
 70
     1
  9
$DIMSE1
 70
     0
  9
$DIMSE2
 70
     0
  9
$DIMTAD
 70
     0
  9
$DIMZIN
 70
     0
  9
$DIMBLK
  1

  9
$DIMASO
 70
     1
  9
$DIMSHO
 70
     1
  9
$DIMPOST
  1

  9
$DIMAPOST
  1

  9
$DIMALT
 70
     0
  9
$DIMALTD
 70
     2
  9
$DIMALTF
 40
25.4
  9
$DIMLFAC
 40
1.0
  9
$DIMTOFL
 70
     0
  9
$DIMTVP
 40
0.0
  9
$DIMTIX
 70
     0
  9
$DIMSOXD
 70
     0
  9
$DIMSAH
 70
     0
  9
$DIMBLK1
  1

  9
$DIMBLK2
  1

  9
$DIMSTYLE
  2
Standard
  9
$DIMCLRD
 70
     0
  9
$DIMCLRE
 70
     0
  9
$DIMCLRT
 70
     0
  9
$DIMTFAC
 40
1.0
  9
$DIMGAP
 40
0.09
  9
$DIMJUST
 70
     0
  9
$DIMSD1
 70
     0
  9
$DIMSD2
 70
     0
  9
$DIMTOLJ
 70
     1
  9
$DIMTZIN
 70
     0
  9
$DIMALTZ
 70
     0
  9
$DIMALTTZ
 70
     0
  9
$DIMUPT
 70
     0
  9
$DIMDEC
 70
     4
  9
$DIMTDEC
 70
     4
  9
$DIMALTU
 70
     2
  9
$DIMALTTD
 70
     2
  9
$DIMTXSTY
  7
Standard
  9
$DIMAUNIT
 70
     0
  9
$DIMADEC
 70
     0
  9
$DIMALTRND
 40
0.0
  9
$DIMAZIN
 70
     0
  9
$DIMDSEP
 70
    46
  9
$DIMATFIT
 70
     3
  9
$DIMFRAC
 70
     0
  9
$DIMLDRBLK
  1

  9
$DIMLUNIT
 70
     2
  9
$DIMLWD
 70
    -2
  9
$DIMLWE
 70
    -2
  9
$DIMTMOVE
 70
     0
  9
$LUNITS
 70
     2
  9
$LUPREC
 70
     4
  9
$SKETCHINC
 40
0.1
  9
$FILLETRAD
 40
0.5
  9
$AUNITS
 70
     0
  9
$AUPREC
 70
     0
  9
$MENU
  1
.
  9
$ELEVATION
 40
0.0
  9
$PELEVATION
 40
0.0
  9
$THICKNESS
 40
0.0
  9
$LIMCHECK
 70
     0
  9
$CHAMFERA
 40
0.5
  9
$CHAMFERB
 40
0.5
  9
$CHAMFERC
 40
1.0
  9
$CHAMFERD
 40
0.0
  9
$SKPOLY
 70
     0
  9
$TDCREATE
 40
2460150.870690046
  9
$TDUCREATE
 40
2460150.995690046
  9
$TDUPDATE
 40
2460504.820032338
  9
$TDUUPDATE
 40
2460504.945032338
  9
$TDINDWG
 40
0.0046652083
  9
$TDUSRTIMER
 40
0.0046651968
  9
$USRTIMER
 70
     1
  9
$ANGBASE
 50
0.0
  9
$ANGDIR
 70
     0
  9
$PDMODE
 70
     0
  9
$PDSIZE
 40
0.0
  9
$PLINEWID
 40
0.0
  9
$SPLFRAME
 70
     0
  9
$SPLINETYPE
 70
     6
  9
$SPLINESEGS
 70
     8
  9
$HANDSEED
  5
4F4
  9
$SURFTAB1
 70
     6
  9
$SURFTAB2
 70
     6
  9
$SURFTYPE
 70
     6
  9
$SURFU
 70
     6
  9
$SURFV
 70
     6
  9
$UCSBASE
  2

  9
$UCSNAME
  2

  9
$UCSORG
 10
0.0
 20
0.0
 30
0.0
  9
$UCSXDIR
 10
1.0
 20
0.0
 30
0.0
  9
$UCSYDIR
 10
0.0
 20
1.0
 30
0.0
  9
$UCSORTHOREF
  2

  9
$UCSORTHOVIEW
 70
     0
  9
$UCSORGTOP
 10
0.0
 20
0.0
 30
0.0
  9
$UCSORGBOTTOM
 10
0.0
 20
0.0
 30
0.0
  9
$UCSORGLEFT
 10
0.0
 20
0.0
 30
0.0
  9
$UCSORGRIGHT
 10
0.0
 20
0.0
 30
0.0
  9
$UCSORGFRONT
 10
0.0
 20
0.0
 30
0.0
  9
$UCSORGBACK
 10
0.0
 20
0.0
 30
0.0
  9
$PUCSBASE
  2

  9
$PUCSNAME
  2

  9
$PUCSORG
 10
0.0
 20
0.0
 30
0.0
  9
$PUCSXDIR
 10
1.0
 20
0.0
 30
0.0
  9
$PUCSYDIR
 10
0.0
 20
1.0
 30
0.0
  9
$PUCSORTHOREF
  2

  9
$PUCSORTHOVIEW
 70
     0
  9
$PUCSORGTOP
 10
0.0
 20
0.0
 30
0.0
  9
$PUCSORGBOTTOM
 10
0.0
 20
0.0
 30
0.0
  9
$PUCSORGLEFT
 10
0.0
 20
0.0
 30
0.0
  9
$PUCSORGRIGHT
 10
0.0
 20
0.0
 30
0.0
  9
$PUCSORGFRONT
 10
0.0
 20
0.0
 30
0.0
  9
$PUCSORGBACK
 10
0.0
 20
0.0
 30
0.0
  9
$USERI1
 70
     0
  9
$USERI2
 70
     0
  9
$USERI3
 70
     0
  9
$USERI4
 70
     0
  9
$USERI5
 70
     0
  9
$USERR1
 40
0.0
  9
$USERR2
 40
0.0
  9
$USERR3
 40
0.0
  9
$USERR4
 40
0.0
  9
$USERR5
 40
0.0
  9
$WORLDVIEW
 70
     1
  9
$SHADEDGE
 70
     3
  9
$SHADEDIF
 70
    70
  9
$TILEMODE
 70
     1
  9
$MAXACTVP
 70
    64
  9
$PINSBASE
 10
0.0
 20
0.0
 30
0.0
  9
$PLIMCHECK
 70
     0
  9
$PEXTMIN
 10
0.2701083252396472
 20
0.2140672924137945
 30
0.0
  9
$PEXTMAX
 10
10.28254841736568
 20
7.718259395566899
 30
0.0
  9
$PLIMMIN
 10
-0.2500002402958907
 20
-0.2499999962453767
  9
$PLIMMAX
 10
10.74999951940821
 20
8.249999763458731
  9
$UNITMODE
 70
     0
  9
$VISRETAIN
 70
     1
  9
$PLINEGEN
 70
     0
  9
$PSLTSCALE
 70
     1
  9
$TREEDEPTH
 70
  3020
  9
$CMLSTYLE
  2
Standard
  9
$CMLJUST
 70
     0
  9
$CMLSCALE
 40
1.0
  9
$PROXYGRAPHICS
 70
     1
  9
$MEASUREMENT
 70
     0
  9
$CELWEIGHT
370
    -1
  9
$ENDCAPS
280
     0
  9
$JOINSTYLE
280
     0
  9
$LWDISPLAY
290
     0
  9
$INSUNITS
 70
     1
  9
$HYPERLINKBASE
  1

  9
$STYLESHEET
  1

  9
$XEDIT
290
     1
  9
$CEPSNTYPE
380
     0
  9
$PSTYLEMODE
290
     1
  9
$FINGERPRINTGUID
  2
{FDEAD576-A652-11D2-9A35-0060089B3A3F}
  9
$VERSIONGUID
  2
{8D2FBCA1-B7EC-48A6-826A-7834D8AF6F2D}
  9
$EXTNAMES
290
     1
  9
$PSVPSCALE
 40
0.0
  9
$OLESTARTUP
290
     0
  0
ENDSEC
  0
SECTION
  2
CLASSES
  0
CLASS
  1
ACDBDICTIONARYWDFLT
  2
AcDbDictionaryWithDefault
  3
AutoCAD 2000
 90
        0
280
     0
281
     0
  0
CLASS
  1
ACDBPLACEHOLDER
  2
AcDbPlaceHolder
  3
AutoCAD 2000
 90
        0
280
     0
281
     0
  0
CLASS
  1
LAYOUT
  2
AcDbLayout
  3
AutoCAD 2000
 90
        0
280
     0
281
     0
  0
CLASS
  1
DICTIONARYVAR
  2
AcDbDictionaryVar
  3
AutoCAD 2000
 90
        0
280
     0
281
     0
  0
ENDSEC
  0
SECTION
  2
TABLES
  0
TABLE
  2
VPORT
  5
8
330
0
100
AcDbSymbolTable
 70
     2
  0
VPORT
  5
4F3
330
8
100
AcDbSymbolTableRecord
100
AcDbViewportTableRecord
  2
*Active
 70
     0
 10
0.0
 20
0.0
 11
1.0
 21
1.0
 12
9.457031281964191
 22
8.181106592622946
 13
0.0
 23
0.0
 14
0.5
 24
0.5
 15
0.5
 25
0.5
 16
0.0
 26
0.0
 36
1.0
 17
0.0
 27
0.0
 37
0.0
 40
25.36771642231248
 41
2.078661087866108
 42
50.0
 43
0.0
 44
0.0
 50
0.0
 51
0.0
 71
     0
 72
   100
 73
     1
 74
     3
 75
     0
 76
     0
 77
     0
 78
     0
281
     0
 65
     1
110
0.0
120
0.0
130
0.0
111
1.0
121
0.0
131
0.0
112
0.0
122
1.0
132
0.0
 79
     0
146
0.0
  0
ENDTAB
  0
TABLE
  2
LTYPE
  5
5
330
0
100
AcDbSymbolTable
 70
     1
  0
LTYPE
  5
14
330
5
100
AcDbSymbolTableRecord
100
AcDbLinetypeTableRecord
  2
ByBlock
 70
     0
  3

 72
    65
 73
     0
 40
0.0
  0
LTYPE
  5
15
330
5
100
AcDbSymbolTableRecord
100
AcDbLinetypeTableRecord
  2
ByLayer
 70
     0
  3

 72
    65
 73
     0
 40
0.0
  0
LTYPE
  5
16
330
5
100
AcDbSymbolTableRecord
100
AcDbLinetypeTableRecord
  2
Continuous
 70
     0
  3
Solid line
 72
    65
 73
     0
 40
0.0
  0
ENDTAB
  0
TABLE
  2
LAYER
  5
2
102
{ACAD_XDICTIONARY
360
9C
102
}
330
0
100
AcDbSymbolTable
 70
     2
  0
LAYER
  5
10
330
2
100
AcDbSymbolTableRecord
100
AcDbLayerTableRecord
  2
0
 70
     0
 62
     7
  6
Continuous
370
    -3
390
F
  0
LAYER
  5
48A
330
2
100
AcDbSymbolTableRecord
100
AcDbLayerTableRecord
  2
ceco.net 17
 70
     0
 62
     7
  6
Continuous
370
    -3
390
F
  0
ENDTAB
  0
TABLE
  2
STYLE
  5
3
330
0
100
AcDbSymbolTable
 70
     1
  0
STYLE
  5
11
330
3
100
AcDbSymbolTableRecord
100
AcDbTextStyleTableRecord
  2
Standard
 70
     0
 40
0.0
 41
1.0
 50
0.0
 71
     0
 42
0.2
  3
txt
  4

  0
ENDTAB
  0
TABLE
  2
VIEW
  5
6
330
0
100
AcDbSymbolTable
 70
     0
  0
ENDTAB
  0
TABLE
  2
UCS
  5
7
330
0
100
AcDbSymbolTable
 70
     0
  0
ENDTAB
  0
TABLE
  2
APPID
  5
9
330
0
100
AcDbSymbolTable
 70
    21
  0
APPID
  5
12
330
9
100
AcDbSymbolTableRecord
100
AcDbRegAppTableRecord
  2
ACAD
 70
     0
  0
APPID
  5
8A
330
9
100
AcDbSymbolTableRecord
100
AcDbRegAppTableRecord
  2
ACAD_NAV_VCDISPLAY
 70
     0
  0
APPID
  5
8B
330
9
100
AcDbSymbolTableRecord
100
AcDbRegAppTableRecord
  2
AcAecLayerStandard
 70
     0
  0
APPID
  5
8C
330
9
100
AcDbSymbolTableRecord
100
AcDbRegAppTableRecord
  2
AcCmTransparency
 70
     0
  0
APPID
  5
8D
330
9
100
AcDbSymbolTableRecord
100
AcDbRegAppTableRecord
  2
ACAD_EXEMPT_FROM_CAD_STANDARDS
 70
     0
  0
APPID
  5
8E
330
9
100
AcDbSymbolTableRecord
100
AcDbRegAppTableRecord
  2
ACAD_MLEADERVER
 70
     0
  0
APPID
  5
8F
330
9
100
AcDbSymbolTableRecord
100
AcDbRegAppTableRecord
  2
ACAD_PSEXT
 70
     0
  0
APPID
  5
90
330
9
100
AcDbSymbolTableRecord
100
AcDbRegAppTableRecord
  2
AcadAnnoPO
 70
     0
  0
APPID
  5
91
330
9
100
AcDbSymbolTableRecord
100
AcDbRegAppTableRecord
  2
AcadAnnotative
 70
     0
  0
APPID
  5
92
330
9
100
AcDbSymbolTableRecord
100
AcDbRegAppTableRecord
  2
ACAD_DSTYLE_DIMJAG
 70
     0
  0
APPID
  5
93
330
9
100
AcDbSymbolTableRecord
100
AcDbRegAppTableRecord
  2
ACAD_DSTYLE_DIMTALN
 70
     0
  0
APPID
  5
94
330
9
100
AcDbSymbolTableRecord
100
AcDbRegAppTableRecord
  2
_KTI_ARE
 70
     0
  0
APPID
  5
95
330
9
100
AcDbSymbolTableRecord
100
AcDbRegAppTableRecord
  2
PE_URL
 70
     0
  0
APPID
  5
96
330
9
100
AcDbSymbolTableRecord
100
AcDbRegAppTableRecord
  2
AcadStringInfo
 70
     0
  0
APPID
  5
97
330
9
100
AcDbSymbolTableRecord
100
AcDbRegAppTableRecord
  2
AcDbBlockRepETag
 70
     0
  0
APPID
  5
98
330
9
100
AcDbSymbolTableRecord
100
AcDbRegAppTableRecord
  2
GradientColor1ACI
 70
     0
  0
APPID
  5
99
330
9
100
AcDbSymbolTableRecord
100
AcDbRegAppTableRecord
  2
GradientColor2ACI
 70
     0
  0
APPID
  5
9A
330
9
100
AcDbSymbolTableRecord
100
AcDbRegAppTableRecord
  2
AcDbDynamicBlockGUID
 70
     0
  0
APPID
  5
9B
330
9
100
AcDbSymbolTableRecord
100
AcDbRegAppTableRecord
  2
ACAD_DSTYLE_DIMRADIAL_EXTENSION
 70
     0
  0
APPID
  5
48C
330
9
100
AcDbSymbolTableRecord
100
AcDbRegAppTableRecord
  2
DCO15
 70
     0
  0
APPID
  5
48D
330
9
100
AcDbSymbolTableRecord
100
AcDbRegAppTableRecord
  2
ACAD_DSTYLE_DIMJOGGED_JOGANGLE_SYMBOL
 70
     0
  0
ENDTAB
  0
TABLE
  2
DIMSTYLE
  5
A
330
0
100
AcDbSymbolTable
 70
     1
100
AcDbDimStyleTable
 71
     1
340
27
  0
DIMSTYLE
105
27
330
A
100
AcDbSymbolTableRecord
100
AcDbDimStyleTableRecord
  2
Standard
 70
     0
340
11
  0
ENDTAB
  0
TABLE
  2
BLOCK_RECORD
  5
1
330
0
100
AcDbSymbolTable
 70
     0
  0
BLOCK_RECORD
  5
1F
330
1
100
AcDbSymbolTableRecord
100
AcDbBlockTableRecord
  2
*Model_Space
340
22
  0
BLOCK_RECORD
  5
58
330
1
100
AcDbSymbolTableRecord
100
AcDbBlockTableRecord
  2
*Paper_Space
340
59
  0
ENDTAB
  0
ENDSEC
  0
SECTION
  2
BLOCKS
  0
BLOCK
  5
20
330
1F
100
AcDbEntity
  8
0
100
AcDbBlockBegin
  2
*Model_Space
 70
     0
 10
0.0
 20
0.0
 30
0.0
  3
*Model_Space
  1

  0
ENDBLK
  5
21
330
1F
100
AcDbEntity
  8
0
100
AcDbBlockEnd
  0
BLOCK
  5
5A
330
58
100
AcDbEntity
 67
     1
  8
0
100
AcDbBlockBegin
  2
*Paper_Space
 70
     0
 10
0.0
 20
0.0
 30
0.0
  3
*Paper_Space
  1

  0
ENDBLK
  5
5B
330
58
100
AcDbEntity
 67
     1
  8
0
100
AcDbBlockEnd
  0
ENDSEC
  0
SECTION
  2
ENTITIES
  0
LWPOLYLINE
  5
4BE
330
1F
100
AcDbEntity
  8
ceco.net 17
100
AcDbPolyline
 90
        2
 70
     0
 43
0.0
 10
4.331050564900544
 20
0.9842515157469431
 10
1.145350341135071
 20
0.9842515157469431
  0
LWPOLYLINE
  5
4BF
330
1F
100
AcDbEntity
  8
ceco.net 17
100
AcDbPolyline
 90
        2
 70
     0
 43
0.0
 10
2.837376589446722
 20
0.0
 10
0.7256495577870095
 20
0.0
  0
LWPOLYLINE
  5
4C0
330
1F
100
AcDbEntity
  8
ceco.net 17
100
AcDbPolyline
 90
        2
 70
     0
 43
0.0
 10
0.9842515157469431
 20
5.292534269415713
 10
0.9842515157469431
 20
6.66494438334563
  0
LWPOLYLINE
  5
4C1
330
1F
100
AcDbEntity
  8
ceco.net 17
100
AcDbPolyline
 90
        2
 70
     0
 43
0.0
 10
0.9842515157469431
 20
1.177439803963209
 10
0.9842515157469431
 20
1.668627059226141
  0
LWPOLYLINE
  5
4C2
330
1F
100
AcDbEntity
  8
ceco.net 17
100
AcDbPolyline
 90
        3
 70
     0
 43
0.0
 10
13.71011035482136
 20
14.76377273621197
 10
14.76377273621197
 20
14.76377273621197
 10
14.76377273621197
 20
9.450267611698205
  0
LWPOLYLINE
  5
4C3
330
1F
100
AcDbEntity
  8
ceco.net 17
100
AcDbPolyline
 90
        3
 70
     0
 43
0.0
 10
13.30265629835776
 20
15.74802425196003
 10
15.74802425196003
 20
15.74802425196003
 10
15.74802425196003
 20
9.145968127555567
  0
LWPOLYLINE
  5
4C4
330
1F
100
AcDbEntity
  8
ceco.net 17
100
AcDbPolyline
 90
        3
 70
     0
 43
0.0
 10
14.76377273621197
 20
3.900365921704561
 10
14.76377273621197
 20
0.9842515157469431
 10
12.97962290202893
 20
0.9842515157469431
  0
LWPOLYLINE
  5
4C5
330
1F
100
AcDbEntity
  8
ceco.net 17
100
AcDbPolyline
 90
        3
 70
     0
 43
0.0
 10
15.74802425196003
 20
2.69307570087383
 10
15.74802425196003
 20
0.0
 10
13.46335109121606
 20
0.0
  0
LWPOLYLINE
  5
4C6
330
1F
100
AcDbEntity
  8
ceco.net 17
100
AcDbPolyline
 90
        2
 70
     0
 43
0.0
 10
9.317061404228915
 20
14.76377273621197
 10
9.534037277761353
 20
14.76377273621197
  0
LINE
  5
4C7
330
1F
100
AcDbEntity
  8
ceco.net 17
100
AcDbLine
 10
7.43222408922897
 20
7.840196097344914
 30
0.0
 11
6.130813878670549
 21
8.285582070179144
 31
0.0
  0
LINE
  5
4C8
330
1F
100
AcDbEntity
  8
ceco.net 17
100
AcDbLine
 10
6.130813878670549
 20
8.285582070179144
 30
0.0
 11
4.044998846427056
 21
9.105093826419057
 31
0.0
  0
LINE
  5
4C9
330
1F
100
AcDbEntity
  8
ceco.net 17
100
AcDbLine
 10
4.044998846427056
 20
9.105093826419057
 30
0.0
 11
2.761419722147201
 21
9.46140380947485
 31
0.0
  0
LINE
  5
4CA
330
1F
100
AcDbEntity
  8
ceco.net 17
100
AcDbLine
 10
2.761419722147201
 20
9.46140380947485
 30
0.0
 11
1.139120998769644
 21
9.728634790781184
 31
0.0
  0
LINE
  5
4CB
330
1F
100
AcDbEntity
  8
ceco.net 17
100
AcDbLine
 10
1.139120998769644
 20
9.728634790781184
 30
0.0
 11
-0.8040745950925803
 21
10.35217575514331
 31
0.0
  0
LINE
  5
4CC
330
1F
100
AcDbEntity
  8
ceco.net 17
100
AcDbLine
 10
-0.8040745950925803
 20
10.35217575514331
 30
0.0
 11
-2.319411873806522
 21
10.76193012727999
 31
0.0
  0
LWPOLYLINE
  5
4CD
330
1F
100
AcDbEntity
  8
ceco.net 17
100
AcDbPolyline
 90
        6
 70
     0
 43
0.0
 10
8.101280545665359
 20
8.859419511738806
 10
9.217806586971951
 20
12.26705050600711
 10
9.549748116712896
 20
14.3176596681552
 10
10.27398190223442
 20
16.24764547064123
 10
11.69226993142714
 20
18.75059524349532
 10
12.83897133575355
 20
20.01714955586675
  0
ARC
  5
4CE
330
1F
100
AcDbEntity
  8
ceco.net 17
100
AcDbCircle
 10
7.48175459216123
 20
7.604280724617567
 30
0.0
 40
5.965522405433756
100
AcDbArc
 50
66.84624262368193
 51
69.16348143999655
  0
LWPOLYLINE
  5
4CF
330
1F
100
AcDbEntity
  8
ceco.net 17
100
AcDbPolyline
 90
      111
 70
     1
 43
0.0
 10
13.05020723457349
 20
20.80120440564565
 10
12.59756425274655
 20
20.62026936615032
 10
12.2957980860299
 20
20.43933432665723
 10
11.99403609814378
 20
20.16792875544657
 10
11.9336811932669
 20
19.74574398465609
 10
11.87333046722502
 20
19.20293585420131
 10
11.69226993142714
 20
19.23309169411683
 10
11.69226993142714
 20
19.68543230482506
 10
11.57156430050613
 20
19.89652318423367
 10
11.39050794354101
 20
19.83621150440264
 10
11.02839105078025
 20
19.53465310524525
 10
10.66627415801948
 20
19.32355921386561
 10
10.48521780105436
 20
19.02200081470822
 10
10.48521780105436
 20
18.32841047270708
 10
10.48521780105436
 20
17.4237292512951
 10
10.48521780105436
 20
16.91107696075807
 10
10.33433262827854
 20
16.79045360109377
 10
10.2438065392146
 20
17.06185917230667
 10
10.19588784543564
 20
17.95092935513488
 10
10.26655193471544
 20
18.86273388471759
 10
10.05531603589773
 20
18.98335724437965
 10
9.579923479732716
 20
18.62997188383326
 10
9.217806586971951
 20
18.41887799245363
 10
8.88586923606601
 20
18.17763127312727
 10
8.644457974226249
 20
17.84591402208557
 10
8.584103069347126
 20
17.27295005171528
 10
8.855689694211186
 20
16.39842467022105
 10
9.157455860927836
 20
15.67468150027318
 10
9.549748116712896
 20
14.92077947844101
 10
9.519572753690837
 20
14.61922107928138
 10
9.308336854870894
 20
14.7700002788612
 10
9.127280497908014
 20
15.19218504965168
 10
8.795338968167069
 20
15.82546069985076
 10
8.34269180750736
 20
16.6396744015162
 10
8.245797174854441
 20
17.21551781484845
 10
7.793154193029738
 20
17.12505029510191
 10
7.407226301998654
 20
16.39842467022105
 10
7.229354216828028
 20
16.06459000452816
 10
7.105460135279767
 20
15.5842139805244
 10
6.849498172145364
 20
14.63407310151871
 10
7.448776452188631
 20
13.96533452091881
 10
8.010754456601421
 20
13.65422817803837
 10
8.704808700268126
 20
13.14157588750134
 10
8.946219962110129
 20
12.71939111671311
 10
9.03675023000907
 20
12.41782970558469
 10
8.825514331189129
 20
12.56861191713329
 10
8.523752343305245
 20
12.99079668792376
 10
7.89004882568042
 20
13.3828226068277
 10
7.19599040317871
 20
13.86531905744921
 10
6.86405305227277
 20
13.9859454290823
 10
6.833873510417944
 20
13.71453985787163
 10
6.954579141338945
 20
12.77970279654413
 10
7.19599040317871
 20
11.81470989530112
 10
7.497756569897596
 20
11.12112256526876
 10
7.98057491474436
 20
10.48784691506744
 10
7.98057491474436
 20
9.975194624530423
 10
7.648637563840655
 20
8.256299701455237
 10
8.372871349362187
 20
8.91973420354086
 10
9.157460039762838
 20
9.432386494077883
 10
10.58211661254229
 20
10.52437005877826
 10
10.58211661254229
 20
10.64499341844032
 10
10.23485965481726
 20
11.13900462894983
 10
9.338516396727957
 20
11.63377485580579
 10
9.157460039762838
 20
12.05595962659627
 10
9.489397390668779
 20
11.90518042701645
 10
10.41592019061515
 20
11.53103355982479
 10
10.97440886832511
 20
10.88624013776668
 10
11.33652576108588
 20
10.85608429785117
 10
11.38217116896481
 20
10.84289789481971
 10
11.51121357446202
 20
10.94018752577343
 10
12.11474172906478
 20
11.45283981631046
 10
12.56738888972673
 20
11.84486874718542
 10
12.80880015156649
 20
12.17658298625833
 10
12.59756425274655
 20
12.50830023730226
 10
11.87333046722502
 20
12.62892359696432
 10
11.05857059263507
 20
12.80986164842843
 10
10.03257481922966
 20
13.02095252783928
 10
9.57992765856772
 20
13.17173172741686
 10
9.760984015532839
 20
13.23204340725013
 10
10.57574806895331
 20
13.26220225913443
 10
11.6922741102599
 20
13.0511083677548
 10
12.80880015156649
 20
12.80986164842843
 10
13.20109240734932
 20
12.84001748834395
 10
13.44250366919132
 20
13.29235809904994
 10
13.59338466313438
 20
14.22719214840866
 10
13.7442656570752
 20
14.9207824904098
 10
13.7442656570752
 20
15.49374646077785
 10
13.08038677643055
 20
15.34296726120027
 10
11.87333046722502
 20
14.80015913074774
 10
10.84733469381737
 20
14.64937691919914
 10
10.15328045015066
 20
14.55890939945035
 10
10.18345581317048
 20
14.80015913074774
 10
10.93786496171631
 20
14.86047081057876
 10
11.6922741102599
 20
15.10171752990289
 10
12.53721352670467
 20
15.49374646077785
 10
13.29162267524826
 20
15.73499318010421
 10
13.6235600261542
 20
16.12702211097918
 10
13.59338466313438
 20
16.82061245298032
 10
13.50285439523544
 20
17.5745114628437
 10
12.71826988366755
 20
17.39357642334837
 10
12.05439100302291
 20
16.94123581264237
 10
11.20945158657813
 20
16.54920688176741
 10
10.69645369987431
 20
16.54920688176741
 10
11.26980649145502
 20
16.82061245298032
 10
12.17509663394167
 20
17.24279421179977
 10
12.89933041946544
 20
17.78560535422333
 10
13.3821529431472
 20
17.93638455380091
 10
13.38214876431444
 20
18.87122161512841
 10
13.38214876431444
 20
19.6552764649073
 10
13.38214876431444
 20
20.16792875544657
 10
13.23126777037137
 20
20.43933432665723
  0
ARC
  5
4D0
330
1F
100
AcDbEntity
  8
ceco.net 17
100
AcDbCircle
 10
7.48175459216123
 20
7.604280724617567
 30
0.0
 40
5.965522405433756
100
AcDbArc
 50
207.3985268712065
 51
208.1982730861914
  0
ARC
  5
4D1
330
1F
100
AcDbEntity
  8
ceco.net 17
100
AcDbCircle
 10
7.48175459216123
 20
7.604280724617567
 30
0.0
 40
4.349725437548134
100
AcDbArc
 50
239.4977891119608
 51
242.4296906920226
  0
ARC
  5
4D2
330
1F
100
AcDbEntity
  8
ceco.net 17
100
AcDbCircle
 10
7.48175459216123
 20
7.604280724617567
 30
0.0
 40
4.349725437548134
100
AcDbArc
 50
256.1330241772175
 51
263.4420526850413
  0
LWPOLYLINE
  5
4D3
330
1F
100
AcDbEntity
  8
ceco.net 17
100
AcDbPolyline
 90
        6
 70
     0
 43
0.0
 10
8.575762115935916
 20
4.233732940054045
 10
10.43229286369647
 20
2.37845603222003
 10
11.13150378898213
 20
1.10144717327059
 10
12.26471173711338
 20
-0.5369799692219463
 10
12.69870458112396
 20
-1.982650091432267
 10
13.01214223225133
 20
-3.64516997897959
  0
LWPOLYLINE
  5
4D4
330
1F
100
AcDbEntity
  8
ceco.net 17
100
AcDbPolyline
 90
        8
 70
     0
 43
0.0
 10
7.295697391364432
 20
7.026196245523642
 10
6.501405447544764
 20
5.35049296691365
 10
5.530607897397278
 20
3.410200204360361
 10
4.971659547906194
 20
1.440513630206789
 10
4.706896959577227
 20
-0.411582637699479
 10
4.500972359249026
 20
-2.146085587387419
 10
4.618644156413318
 20
-3.233822274910248
 10
5.001078541906577
 20
-3.998178843322664
  0
LWPOLYLINE
  5
4D5
330
1F
100
AcDbEntity
  8
ceco.net 17
100
AcDbPolyline
 90
        7
 70
     0
 43
0.0
 10
4.971667905576203
 20
5.909062734429503
 10
3.530178987934307
 20
5.468089297100761
 10
1.73567049996677
 20
4.909519529582669
 10
0.2647584094939629
 20
4.203959620279418
 10
-0.3236047551625011
 20
2.969229779000405
 10
-0.735458134656144
 20
1.205330005741156
 10
-0.9119679198189651
 20
-0.4703762848376197
  0
LWPOLYLINE
  5
4D6
330
1F
100
AcDbEntity
  8
ceco.net 17
100
AcDbPolyline
 90
       70
 70
     1
 43
0.0
 10
-0.7834729416245409
 20
-2.009718662479229
 10
-1.059054532148635
 20
-1.234732853250035
 10
-1.294402305312224
 20
-0.5291729439467835
 10
-1.647417696805099
 20
0.5585667555470688
 10
-1.735674678804012
 20
0.9407465457376693
 10
-1.147311514147548
 20
1.528713136824831
 10
-0.7354539558211395
 20
1.734499937719155
 10
-0.6472011526572312
 20
1.969686574153572
 10
-0.9119637409839606
 20
1.940289750584502
 10
-1.323817120477603
 20
1.763899773259248
 10
-1.647417696805099
 20
1.469916477715667
 10
-1.941599279132213
 20
1.469916477715667
 10
-2.088690070296888
 20
1.940289750584502
 10
-1.941599279132213
 20
2.440059847022407
 10
-1.765089493969392
 20
3.498399710978404
 10
-1.441493096476899
 20
3.704189523841513
 10
-0.7648729498215231
 20
3.82178284205984
 10
-0.176509785165059
 20
3.762986182950676
 10
0.0
 20
3.880579501166766
 10
-0.2647625883289674
 20
3.968772983845001
 10
-1.059054532148635
 20
4.115766137603421
 10
-1.529745899640808
 20
4.115766137603421
 10
-1.441493096476899
 20
4.350952774035601
 10
-1.088473526149019
 20
4.674332893148252
 10
-0.5589441706583184
 20
5.115309342448017
 10
-0.0294189940003836
 20
5.615079438885921
 10
0.6766159678203723
 20
5.497486120669832
 10
1.294398126474981
 20
5.085909506910161
 10
1.765089493967153
 20
5.027112847800997
 10
1.500326905638186
 20
5.232902660666344
 10
1.059054532146398
 20
5.438689461560668
 10
1.059054532146398
 20
5.703275933535179
 10
1.441488917639657
 20
5.791472428182198
 10
2.706472228951497
 20
5.967862405507451
 10
4.854000287244677
 20
6.144252382832705
 10
5.942469634558692
 20
6.232445865510939
 10
4.824581293246532
 20
5.438689461560668
 10
3.589016975935074
 20
4.556739574932163
 10
2.794725032115406
 20
3.43960305186924
 10
2.118109064295034
 20
3.469002887407095
 10
1.971018273130358
 20
3.998172819385094
 10
2.235780861459326
 20
4.821326046904435
 10
2.118109064295034
 20
4.909519529582669
 10
1.794508487967537
 20
4.350952774035601
 10
1.73567049996677
 20
3.674789688303657
 10
2.000437267130742
 20
3.145619756325659
 10
2.147528058293179
 20
2.675246483456825
 10
1.912180285131829
 20
2.028483233262736
 10
1.52974589963857
 20
1.381719983068648
 10
0.9707975501474853
 20
1.675703278609991
 10
0.8237067589828098
 20
2.557653165240735
 10
0.4706913674899341
 20
3.469002887407095
 10
0.1765097851628211
 20
3.674789688303657
 10
0.3530153914906378
 20
3.057426273647425
 10
0.5589441706560804
 20
2.381263187913243
 10
0.6177821586546096
 20
1.734499937719155
 10
0.9119637409839606
 20
1.26412666485032
 10
1.206145323311073
 20
0.9113467101998137
 10
0.9413827349821062
 20
0.3233801191126515
 10
0.588363164654226
 20
-0.2057898128653469
 10
0.3530153914906378
 20
-0.4997731084066901
 10
0.0
 20
0.0
 10
-0.1470907911646755
 20
1.028940028415903
 10
-0.4118533794936429
 20
1.528713136824831
 10
-0.4706913674921721
 20
1.146533346634231
 10
-0.2647625883289674
 20
0.1763899773274914
 10
-0.1470907911646755
 20
-0.2645864719722728
 10
0.117671797162054
 20
-0.6761630857341815
 10
-0.4412723734917885
 20
-0.8231562394903646
 10
-0.7060349618207559
 20
-0.9113497221663608
  0
LWPOLYLINE
  5
4D7
330
1F
100
AcDbEntity
  8
ceco.net 17
100
AcDbPolyline
 90
       78
 70
     0
 43
0.0
 10
7.531045164528023
 20
7.437775871252096
 10
7.501626170529875
 20
6.467629489976571
 10
7.472207176529492
 20
5.556279767807972
 10
7.560464158528405
 20
4.644933057610397
 10
7.766388758856605
 20
3.704186511872728
 10
7.884060556020896
 20
3.116219920785565
 10
7.648716961692313
 20
2.998626602569476
 10
7.030934803037704
 20
3.233813239003893
 10
6.61908142354406
 20
3.674786676332634
 10
6.324899841216947
 20
4.203956608310632
 10
6.06013725288798
 20
4.027566630985379
 10
6.295480847216563
 20
3.5865931936544
 10
6.707334226707969
 20
2.998626602569476
 10
7.442788182529108
 20
2.704643307025894
 10
8.03115552601834
 20
2.23427003415706
 10
8.089989335184101
 20
1.587506783962972
 10
8.178246317183015
 20
0.9113436982287906
 10
8.148827323184869
 20
0.293980283574796
 10
7.942898544021664
 20
-0.2645894839432958
 10
7.531045164528023
 20
-0.3233861430502217
 10
6.530824441545147
 20
0.3233771071438664
 10
5.971880270889068
 20
1.028937016447118
 10
5.47176990939875
 20
1.705100102179061
 10
5.265845309068311
 20
1.440513630206789
 10
5.589445885395808
 20
0.8819468746597202
 10
6.089552068053359
 20
0.293980283574796
 10
6.972100993871941
 20
-0.3821828021593855
 10
7.531045164528023
 20
-0.8231592514591497
 10
7.589878973693783
 20
-1.26413268878789
 10
7.207444588200526
 20
-1.705109138087655
 10
6.825010202707265
 20
-1.999092433631236
 10
6.177809050052272
 20
-2.410669047390907
 10
5.589445885395808
 20
-2.028489257200306
 10
5.118754517905874
 20
-1.411125842544073
 10
4.73631595357761
 20
-1.352329183437148
 10
4.883406744742286
 20
-1.675709302547561
 10
5.412936100232987
 20
-2.116685751847326
 10
5.883627467725159
 20
-2.46946570650007
 10
5.824789479724392
 20
-2.645855683825324
 10
5.265845309068311
 20
-3.028029450076116
 10
5.207011499904787
 20
-3.762989194919462
 10
5.207011499904787
 20
-4.439152280653643
 10
4.706901138412231
 20
-4.027575666891734
 10
4.147956967756151
 20
-3.5572023940229
 10
3.500755815101157
 20
-2.939835967397882
 10
3.177155238773661
 20
-2.293072717203794
 10
3.324246029936099
 20
-1.881496103444123
 10
4.118537973755767
 20
-1.646309467009706
 10
4.559810347249793
 20
-1.469919489684452
 10
4.383300562084734
 20
-1.234732853250035
 10
3.706684594264362
 20
-1.440519654144359
 10
3.206574232774044
 20
-1.587512807900542
 10
2.853554662446164
 20
-1.705106126118869
 10
2.853554662446164
 20
-0.9701463812755246
 10
2.824139847280785
 20
-0.2645864719722728
 10
2.853554662446164
 20
0.3233801191126515
 10
3.23599322677219
 20
0.5879635791161392
 10
4.236209770920059
 20
0.9113467101998137
 10
4.618648335248322
 20
1.205330005741156
 10
4.765739126412998
 20
1.528710124853808
 10
4.412719556085118
 20
1.381719983068648
 10
4.000866176591475
 20
1.117133511094137
 10
3.324246029936099
 20
0.9995401928780479
 10
2.824139847280785
 20
1.381719983068648
 10
2.853554662446164
 20
2.175473375047896
 10
3.088902435607514
 20
2.763439966135058
 10
3.412503011937249
 20
3.410206228297932
 10
3.883194379427183
 20
3.469002887407095
 10
4.883410923575052
 20
3.645392864734587
 10
5.530612076232284
 20
3.704189523841513
 10
5.324683297069078
 20
3.851179665628911
 10
4.765739126412998
 20
3.909976324738075
 10
4.000866176591475
 20
3.851179665628911
 10
3.853775385429038
 20
3.998172819385094
 10
4.059699985757238
 20
4.262756279388582
 10
4.559810347249793
 20
4.703732728688346
 10
5.118754517905874
 20
5.203502825126251
 10
7.531045164528023
 20
7.437778883223119
  0
LWPOLYLINE
  5
4D8
330
1F
100
AcDbEntity
  8
ceco.net 17
100
AcDbPolyline
 90
       68
 70
     1
 43
0.0
 10
7.972994509189828
 20
5.799875823444653
 10
8.696317308819134
 20
4.426489960338499
 10
9.347308664252512
 20
3.992787417688995
 10
10.55284387774468
 20
3.197669603467417
 10
10.74573051482383
 20
2.884439822000439
 10
10.72162281931519
 20
2.619401554582841
 10
10.62517950077562
 20
2.185702023906599
 10
10.79395426351112
 20
2.017037748676932
 10
10.96272902624663
 20
2.523024550426125
 10
11.13150378898213
 20
2.812158574867294
 10
11.42083374460086
 20
2.595305797559269
 10
11.73427557456322
 20
2.330267530141671
 10
12.21648798842609
 20
2.041133505700503
 10
12.33704318130932
 20
1.438769699792355
 10
12.24059986276974
 20
0.9086931649571601
 10
12.09593697437788
 20
0.258140856970655
 10
12.19237611408245
 20
-0.2237501877572057
 10
12.43348649984889
 20
0.0171953346078436
 10
12.40937462550524
 20
0.4268021202292994
 10
12.52992981838846
 20
1.077354428215804
 10
12.67459270678032
 20
1.390581197713997
 10
12.89159121820311
 20
1.173731432374757
 10
13.20502886933048
 20
0.4990863793334665
 10
13.56669026914513
 20
-0.1996544307313964
 10
13.54258257363649
 20
-0.6574497184334478
 10
13.1085855507909
 20
-1.163436520184879
 10
12.67459270678032
 20
-1.717608812043646
 10
12.98803453674269
 20
-1.69351606698886
 10
13.25325261801777
 20
-1.308002026419953
 10
13.68724546202835
 20
-1.211625022263237
 10
13.73546921071564
 20
-1.886270075304529
 10
13.54258257363649
 20
-2.657295144473558
 10
13.34970011539235
 20
-3.380131711561993
 10
13.20503304816548
 20
-4.078872521626856
 10
12.28882361145703
 20
-3.283751695434254
 10
12.04771740452559
 20
-2.801863662677416
 10
11.78249932325051
 20
-2.585010885369392
 10
11.90305033729873
 20
-2.175404099745698
 10
12.31293548580067
 20
-1.9103658323281
 10
12.40937880434024
 20
-1.59713605086336
 10
12.04771740452559
 20
-1.813988828171385
 10
11.58961268617136
 20
-2.079027095588982
 10
11.4449456189445
 20
-2.34406536300658
 10
10.98684090059027
 20
-2.175404099745698
 10
10.45640473804011
 20
-1.838081573226171
 10
10.02241189402953
 20
-1.259813524341595
 10
10.57695993092333
 20
-0.7538297345611862
 10
11.30028273055264
 20
-0.5610727142767324
 10
11.80660701875915
 20
-0.4165072080394216
 10
11.78249932325051
 20
-0.1755616856766101
 10
11.276170856209
 20
-0.2719386898355634
 10
10.67340324946291
 20
-0.3683187059610638
 10
10.09474333822546
 20
-0.6574527304044709
 10
9.73308193841081
 20
-0.7538297345611862
 10
9.371420538596156
 20
-0.3442229489374924
 10
9.178533901517008
 20
0.3063293590490127
 10
9.178533901517008
 20
0.7400288897274927
 10
8.985647264437858
 20
1.294204193555044
 10
9.323200968743872
 20
1.607430963053237
 10
10.07063564271682
 20
1.65562247710038
 10
10.43229704253147
 20
1.727903724233524
 10
10.40818516818783
 20
1.920660744517978
 10
10.07063564271682
 20
1.848376485416049
 10
9.299089094400226
 20
1.824283740361263
 10
8.961539568926982
 20
1.751999481259334
 10
8.744541057506426
 20
2.860344064976867
 10
8.503430671739986
 20
3.992787417688995
 10
8.093549702070809
 20
5.173419272481719
  0
LWPOLYLINE
  5
4D9
330
1F
100
AcDbEntity
  8
ceco.net 17
100
AcDbPolyline
 90
      117
 70
     1
 43
0.0
 10
-2.61594613988756
 20
10.80894396120319
 10
-2.321818882406553
 20
11.02249561979849
 10
-2.041285373147389
 20
11.13463727298955
 10
-1.498914459621516
 20
11.15332654453105
 10
-0.8443251277908672
 20
11.17201581607255
 10
-0.3206586769296962
 20
11.20939435915779
 10
-0.0401209888355275
 20
11.02249561979849
 10
0.0533929668090221
 20
10.63001188151166
 10
0.1843074901062532
 20
10.16276503311677
 10
0.3713312225581101
 20
10.12538347806275
 10
0.2404166992586411
 20
10.46180241369611
 10
0.1656072062787935
 20
10.91035697857846
 10
0.2030119527687173
 20
11.28415445729482
 10
0.3713312225581101
 20
11.39629309851485
 10
0.7827876127845143
 20
11.48974246819338
 10
1.175539540348454
 20
11.60188110941565
 10
1.493481974932547
 20
11.63926266446743
 10
1.904934186323946
 20
11.35891455543185
 10
2.054553172285879
 20
10.68607969613616
 10
2.166767411755651
 20
10.12538347806275
 10
2.260281367397962
 20
9.658139641636655
 10
2.484709846339743
 20
9.732896727804897
 10
2.353791144207507
 20
10.44311314215236
 10
2.148067127928191
 20
11.11594498947702
 10
1.998448141968496
 20
11.5271240232474
 10
1.94233893281387
 20
11.7514013056897
 10
2.054553172285879
 20
11.80746912031421
 10
2.65303329496414
 20
11.7514013056897
 10
3.157999461997852
 20
11.67664120755268
 10
3.644261166371337
 20
11.60188110941565
 10
3.700370375523724
 20
11.00380634825699
 10
3.831284898823194
 20
10.2562144027953
 10
4.018312810107817
 20
9.639450370095152
 10
4.055717556597741
 20
9.284342162922536
 10
4.224036826387133
 20
9.116132695104742
 10
4.298846319366981
 20
9.340412989515826
 10
4.149227333407287
 20
9.975866293757482
 10
3.94350331712797
 20
10.53656251183089
 10
3.887394107975582
 20
11.05987717485252
 10
4.037013093935277
 20
11.5458132947889
 10
4.298846319366981
 20
11.41498237005635
 10
4.654193500440998
 20
11.15332654453105
 10
5.159159667476947
 20
10.92904926208875
 10
5.682830297173122
 20
10.53656251183089
 10
5.776340073982668
 20
9.826346097483426
 10
5.70153058100282
 20
9.00399405388471
 10
5.813744820472592
 20
8.518057933948325
 10
5.944663522604827
 20
8.723645944846888
 10
5.944663522604827
 20
9.116132695104742
 10
5.907258776114903
 20
9.695518184721894
 10
5.925963238777367
 20
10.01324483684272
 10
5.869854029624979
 20
10.27490367433681
 10
6.038177478247139
 20
10.27490367433681
 10
6.300010703678843
 20
10.03193410838422
 10
6.67405816858032
 20
9.583379543499626
 10
6.898490826357106
 20
9.153514250158767
 10
7.253833828596119
 20
8.630196575168355
 10
7.571776263180209
 20
8.050814097522225
 10
7.235133544768657
 20
7.546185694073315
 10
6.767572124224868
 20
7.15369894381546
 10
6.449629689640776
 20
6.798593748611627
 10
6.038177478247139
 20
6.611695009254568
 10
5.439697355568878
 20
6.51824563957604
 10
5.046945428004938
 20
6.649073552337571
 10
5.159159667476947
 20
7.004181759512426
 10
5.477102102061039
 20
7.546185694073315
 10
5.682830297173122
 20
7.901293901248169
 10
5.70153058100282
 20
8.162952738744493
 10
5.346183399926566
 20
8.162952738744493
 10
5.121754920984785
 20
7.789155260028138
 10
4.859921695555319
 20
6.873353846748655
 10
4.672897963103461
 20
6.480867096490799
 10
4.448469484161681
 20
6.312657628675241
 10
3.962203600955429
 20
6.256586802079715
 10
3.382427940939633
 20
6.256586802079715
 10
2.989676013375692
 20
6.293968357133742
 10
2.746543071771447
 20
6.611695009254568
 10
3.04578522252808
 20
7.097631129190954
 10
3.700370375523724
 20
7.7517767169429
 10
4.149227333407287
 20
8.256402108423023
 10
4.242741289049598
 20
8.686267401763883
 10
4.093122303087665
 20
8.854476869579439
 10
3.812584614993497
 20
8.349851478101555
 10
3.382427940939633
 20
7.882604629706667
 10
2.933566804223304
 20
7.47142860790731
 10
2.596924085811752
 20
6.929421661375397
 10
2.335090860380048
 20
6.51824563957604
 10
2.017148425795955
 20
6.424796269895274
 10
1.474777512270082
 20
6.462177824949297
 10
1.063325300878682
 20
6.593005737713067
 10
0.4463914456001813
 20
7.154271218045757
 10
0.9324065987442093
 20
7.452736324394786
 10
1.792719946854175
 20
8.200331281827496
 10
2.185471874418114
 20
8.667578130222381
 10
2.372495606869971
 20
8.985304782343209
 10
2.409900353359895
 20
9.284342162922536
 10
2.129362665265727
 20
9.209582064783273
 10
1.88622972366372
 20
8.704956673305385
 10
1.325158526310387
 20
8.14426045523197
 10
0.801487896611974
 20
7.863915358165169
 10
0.221712236596177
 20
7.47142860790731
 10
-0.2458491839476106
 20
7.564877977585839
 10
-0.6198966488513245
 20
7.845223074652642
 10
-0.8630295904533314
 20
8.106881912148969
 10
-0.9802751465120669
 20
8.476218663845845
 10
-0.3393589607571558
 20
8.873166141120941
 10
0.2404166992586411
 20
9.19089279324177
 10
0.5957638803326574
 20
9.508619445362597
 10
0.4087359690480339
 20
9.658139641636655
 10
-0.0027162423456037
 20
9.377791532601065
 10
-0.4141684537370035
 20
9.153514250158767
 10
-0.9752438299253407
 20
8.723645944846888
 10
-1.180972025037423
 20
8.798406042983913
 10
-1.311886548336892
 20
9.07875415202174
 10
-1.629828982920985
 20
9.788967554400423
 10
-2.078690119637313
 20
10.2375251312538
 10
-2.490142331028712
 20
10.66739042459466
  0
LWPOLYLINE
  5
4DA
330
1F
100
AcDbEntity
  8
ceco.net 17
100
AcDbPolyline
 90
      122
 70
     1
 43
0.0
 10
21.52958035681819
 20
4.345754114457887
 10
21.25414920432962
 20
4.641884944347239
 10
20.94703412961067
 20
4.974367235675185
 10
20.66551441544039
 20
5.38357644130735
 10
20.30721279846356
 20
5.818360281050582
 10
20.05128426600248
 20
6.150842572380765
 10
19.66739146731198
 20
6.125267938267461
 10
19.28350284745872
 20
5.971814109659022
 10
18.89961004876821
 20
5.562604904026856
 10
18.8228281459639
 20
5.767208000859667
 10
19.12994322068062
 20
6.125267938267461
 10
19.66739146731198
 20
6.278721766875902
 10
19.66739146731198
 20
6.534477143899628
 10
19.43705829539957
 20
6.790232520925592
 10
18.89961004876821
 20
7.199441726557758
 10
18.4389395261084
 20
7.557498651996769
 10
17.90148710064204
 20
7.889980943324715
 10
17.36403885401068
 20
7.634225566300989
 10
16.85218178909075
 20
7.378470189277263
 10
16.49388435094893
 20
7.020410251867229
 10
16.18676927622997
 20
6.662353326428217
 10
15.93084074377113
 20
6.764654874843503
 10
16.28913818191295
 20
7.199441726557758
 10
16.64743979888978
 20
7.531924017885703
 10
17.08251913983816
 20
7.813254029020497
 10
17.36403885401068
 20
7.966707857628935
 10
17.54318966250021
 20
8.171310954461745
 10
17.21048340606758
 20
8.401491697374405
 10
16.39151126643095
 20
8.938580097503946
 10
15.77728529582803
 20
9.143183194334516
 10
15.23983287036167
 20
9.194335474527671
 10
14.54882917578721
 20
8.554945525982846
 10
14.26730528278193
 20
7.86440630921365
 10
13.83223012066856
 20
7.250590994779889
 10
13.47392850369173
 20
7.301743274973043
 10
13.93459902635154
 20
7.736527114716275
 10
14.16493637709896
 20
8.401491697374405
 10
14.52323381524301
 20
8.88742781731079
 10
14.80475770824829
 20
9.245484742749802
 10
14.75357116598818
 20
9.501240119775765
 10
14.36967836729992
 20
9.629119314270901
 10
13.78104357841068
 20
9.629119314270901
 10
13.09003570500123
 20
9.526817765855618
 10
12.19428584139304
 20
9.424516217440332
 10
11.86157958496264
 20
8.938580097503946
 10
11.52887332853002
 20
8.069009406046461
 10
11.34972252004272
 20
7.327317909084111
 10
11.17057589038819
 20
7.71095248060521
 10
11.45209560456071
 20
8.580520160093911
 10
11.60565105250156
 20
8.913002451421858
 10
11.68243295530812
 20
9.092033926112385
 10
11.55446868907869
 20
9.219910108638735
 10
10.94023853964078
 20
9.040881645919233
 10
10.12127057883691
 20
8.73397398870235
 10
9.660595877342094
 20
8.554945525982846
 10
9.07196108845286
 20
8.273615514845815
 10
8.636885926337249
 20
8.145736320350678
 10
7.587580614788204
 20
7.992282491742239
 10
7.766727244440494
 20
7.225016360668824
 10
7.971469234641464
 20
6.201994852571682
 10
8.304179669906858
 20
5.613754172251225
 10
8.764850192566671
 20
5.102243418201536
 10
9.07196108845286
 20
4.539583395931953
 10
9.762968961860083
 20
4.155948824408614
 10
10.50515919869241
 20
3.874615801305038
 10
11.58005987079013
 20
3.516558875863788
 10
11.70802413701955
 20
3.746739618776449
 10
11.58005987079013
 20
4.386129567323513
 10
11.17057589038819
 20
4.92321495548203
 10
10.76108773115125
 20
5.511452623833703
 10
10.53075455923884
 20
6.201994852571682
 10
10.50515919869241
 20
6.764654874843503
 10
10.68431000718194
 20
6.866959435229811
 10
10.88905199738291
 20
6.713505606621372
 10
10.88905199738291
 20
5.971814109659022
 10
11.34972252004272
 20
5.30684952700313
 10
11.65683759476168
 20
4.872065687259898
 10
11.98954385119207
 20
4.053647275993329
 10
12.04073039344994
 20
3.439831961559568
 10
12.78292063028227
 20
3.311955779033217
 10
13.5251150459496
 20
3.184076584535842
 10
14.26730528278193
 20
3.005048121816337
 10
14.4720472729829
 20
3.235228864728997
 10
14.42086490955779
 20
3.644438070361163
 10
13.93459902635154
 20
4.69303421256937
 10
13.55070622766104
 20
5.30684952700313
 10
13.24359533177709
 20
5.818360281050582
 10
12.91088489651393
 20
6.611204058206088
 10
13.16681342897277
 20
6.790232520925592
 10
13.62748395163259
 20
5.971814109659022
 10
14.0881586531274
 20
5.102243418201536
 10
14.70238462373031
 20
4.207098092632984
 10
14.83034888995974
 20
3.567711156056943
 10
14.80475770824829
 20
3.056200402009492
 10
15.06068624070714
 20
2.826019659096831
 10
15.85406301979958
 20
2.672565830488391
 10
16.21236045794141
 20
2.621413550295236
 10
16.7754040651192
 20
2.698140464599457
 10
16.9289595130623
 20
2.902746573401051
 10
16.62184861717835
 20
3.337530413144283
 10
16.39151126643095
 20
4.053647275993329
 10
15.93084074377113
 20
4.92321495548203
 10
15.80287647753947
 20
5.485877989722636
 10
15.80287647753947
 20
5.818360281050582
 10
16.00761846774044
 20
5.792785646939516
 10
16.18676927622997
 20
5.30684952700313
 10
16.49388435094893
 20
4.565158030043019
 10
16.82659060737932
 20
3.746739618776449
 10
17.26166576949269
 20
3.209651218646908
 10
17.8758959189306
 20
2.979473487705271
 10
18.18301099364732
 20
3.081775036120557
 10
18.61808615576293
 20
3.363105047255348
 10
18.87401468822177
 20
3.797891898969603
 10
18.49012188953351
 20
4.565158030043019
 10
18.6692726980208
 20
4.872065687259898
 10
18.8228281459639
 20
4.411704201434578
 10
19.10435203896918
 20
3.976920361689109
 10
19.30909402917015
 20
3.695587338583294
 10
19.71857800957209
 20
3.874615801305038
 10
20.28162161674989
 20
4.002494995800175
 10
20.63991905489395
 20
4.155948824408614
 10
21.15177611981164
 20
4.130374190297549
  0
LWPOLYLINE
  5
4DB
330
1F
100
AcDbEntity
  8
ceco.net 17
100
AcDbPolyline
 90
        7
 70
     0
 43
0.0
 10
8.329770851620532
 20
7.480771737692549
 10
10.58194110149672
 20
7.225016360668824
 10
13.03884916274335
 20
7.148289446364603
 10
15.06068624070714
 20
6.815807155036657
 10
17.77352283441262
 20
5.997388743772325
 10
20.12806198997403
 20
4.99994186978625
 10
20.84466522392769
 20
4.539583395931953
  0
LWPOLYLINE
  5
4DC
330
1F
100
AcDbEntity
  8
ceco.net 17
100
AcDbPolyline
 90
        2
 70
     0
 43
0.0
 10
8.835928517066063
 20
15.74802425196003
 10
9.126875453468553
 20
15.74802425196003
  0
LWPOLYLINE
  5
4DD
330
1F
100
AcDbEntity
  8
ceco.net 17
100
AcDbPolyline
 90
        2
 70
     0
 43
0.0
 10
10.17890462607396
 20
14.76377273621197
 10
11.6257396763759
 20
14.76377273621197
  0
LWPOLYLINE
  5
4DE
330
1F
100
AcDbEntity
  8
ceco.net 17
100
AcDbPolyline
 90
        2
 70
     0
 43
0.0
 10
14.76377273621197
 20
9.193357895114324
 10
14.76377273621197
 20
8.753834118213918
  0
LWPOLYLINE
  5
4DF
330
1F
100
AcDbEntity
  8
ceco.net 17
100
AcDbPolyline
 90
        2
 70
     0
 43
0.0
 10
9.093529606474923
 20
0.9842515157469431
 10
8.16872993855477
 20
0.9842515157469431
  0
LWPOLYLINE
  5
4E0
330
1F
100
AcDbEntity
  8
ceco.net 17
100
AcDbPolyline
 90
        2
 70
     0
 43
0.0
 10
9.269359557163584
 20
0.0
 10
8.040445157849509
 20
0.0
  0
LWPOLYLINE
  5
4E1
330
1F
100
AcDbEntity
  8
ceco.net 17
100
AcDbPolyline
 90
        2
 70
     0
 43
0.0
 10
12.51267672523544
 20
0.9842515157469431
 10
12.25434711927835
 20
0.9842515157469431
  0
LWPOLYLINE
  5
4E2
330
1F
100
AcDbEntity
  8
ceco.net 17
100
AcDbPolyline
 90
        2
 70
     0
 43
0.0
 10
12.41627939958803
 20
0.0
 10
12.14759778534587
 20
0.0
  0
LWPOLYLINE
  5
4E3
330
1F
100
AcDbEntity
  8
ceco.net 17
100
AcDbPolyline
 90
        2
 70
     0
 43
0.0
 10
6.007280099875596
 20
0.9842515157469431
 10
5.530176620821458
 20
0.9842515157469431
  0
LWPOLYLINE
  5
4E4
330
1F
100
AcDbEntity
  8
ceco.net 17
100
AcDbPolyline
 90
        2
 70
     0
 43
0.0
 10
7.030927816012085
 20
0.0
 10
6.473264206374401
 20
0.0
  0
LWPOLYLINE
  5
4E5
330
1F
100
AcDbEntity
  8
ceco.net 17
100
AcDbPolyline
 90
        3
 70
     0
 43
0.0
 10
0.9842515157469431
 20
11.5472644986355
 10
0.9842515157469431
 20
14.76377273621197
 10
6.884438436107922
 20
14.76377273621197
  0
LWPOLYLINE
  5
4E6
330
1F
100
AcDbEntity
  8
ceco.net 17
100
AcDbPolyline
 90
        3
 70
     0
 43
0.0
 10
0.0
 20
10.85410539853792
 10
0.0
 20
15.74802425196003
 10
7.147708545095722
 20
15.74802425196003
  0
LWPOLYLINE
  5
4E7
330
1F
100
AcDbEntity
  8
ceco.net 17
100
AcDbPolyline
 90
        2
 70
     0
 43
0.0
 10
0.0
 20
9.059140465165283
 10
0.0
 20
9.379642278286791
  0
LWPOLYLINE
  5
4E8
330
1F
100
AcDbEntity
  8
ceco.net 17
100
AcDbPolyline
 90
        2
 70
     0
 43
0.0
 10
0.9842515157469431
 20
7.497788512187853
 10
0.9842515157469431
 20
7.961757172544425
  0
LWPOLYLINE
  5
4E9
330
1F
100
AcDbEntity
  8
ceco.net 17
100
AcDbPolyline
 90
        2
 70
     0
 43
0.0
 10
0.0
 20
5.610179572292683
 10
0.0
 20
7.515741221928526
  0
VIEWPORT
  5
77
330
58
100
AcDbEntity
 67
     1
  8
0
100
AcDbViewport
 10
5.249999639556163
 20
3.999999883606677
 30
0.0
 40
18.69339863471556
 41
8.992999745766947
 68
     2
 69
     1
 12
5.249999639556163
 22
3.999999883606677
 13
0.0
 23
0.0
 14
10.0
 24
10.0
 15
10.0
 25
10.0
 16
0.0
 26
0.0
 36
1.0
 17
0.0
 27
0.0
 37
0.0
 42
50.0
 43
0.0
 44
0.0
 45
8.992999745766947
 50
0.0
 51
0.0
 72
   100
 90
    32800
  1

281
     0
 71
     1
 74
     0
110
0.0
120
0.0
130
0.0
111
1.0
121
0.0
131
0.0
112
0.0
122
1.0
132
0.0
 79
     0
146
0.0
  0
VIEWPORT
  5
79
330
58
100
AcDbEntity
 67
     1
  8
0
100
AcDbViewport
 10
5.276328371302664
 20
3.966163343990347
 30
0.0
 40
10.01244009212603
 41
7.504192103153105
 68
     1
 69
     2
 12
9.457031338183757
 22
8.181106651391942
 13
0.0
 23
0.0
 14
0.5
 24
0.5
 15
0.5
 25
0.5
 16
0.0
 26
0.0
 36
1.0
 17
0.0
 27
0.0
 37
0.0
 42
50.0
 43
0.0
 44
0.0
 45
25.39454099131414
 50
0.0
 51
0.0
 72
   100
 90
    32864
  1

281
     0
 71
     1
 74
     0
110
0.0
120
0.0
130
0.0
111
1.0
121
0.0
131
0.0
112
0.0
122
1.0
132
0.0
 79
     0
146
0.0
  0
ENDSEC
  0
SECTION
  2
OBJECTS
  0
DICTIONARY
  5
C
330
0
100
AcDbDictionary
281
     1
  3
ACAD_GROUP
350
D
  3
ACAD_LAYOUT
350
1A
  3
ACAD_MLINESTYLE
350
17
  3
ACAD_PLOTSETTINGS
350
19
  3
ACAD_PLOTSTYLENAME
350
E
  3
AcDbVariableDictionary
350
66
  0
DICTIONARY
  5
9C
330
2
100
AcDbDictionary
280
     1
281
     1
  3
ACAD_LAYERFILTERS
360
192
  3
ACAD_LAYERSTATES
360
9D
  0
DICTIONARY
  5
D
102
{ACAD_REACTORS
330
C
102
}
330
C
100
AcDbDictionary
281
     1
  0
DICTIONARY
  5
1A
102
{ACAD_REACTORS
330
C
102
}
330
C
100
AcDbDictionary
281
     1
  3
ceco.net
350
59
  3
Model
350
22
  0
DICTIONARY
  5
17
102
{ACAD_REACTORS
330
C
102
}
330
C
100
AcDbDictionary
281
     1
  3
Standard
350
18
  0
DICTIONARY
  5
19
102
{ACAD_REACTORS
330
C
102
}
330
C
100
AcDbDictionary
281
     1
  0
ACDBDICTIONARYWDFLT
  5
E
102
{ACAD_REACTORS
330
C
102
}
330
C
100
AcDbDictionary
281
     1
  3
Normal
350
F
100
AcDbDictionaryWithDefault
340
F
  0
DICTIONARY
  5
66
102
{ACAD_REACTORS
330
C
102
}
330
C
100
AcDbDictionary
281
     1
  3
DIMASSOC
350
67
  3
HIDETEXT
350
6B
  0
DICTIONARY
  5
192
102
{ACAD_REACTORS
330
9C
102
}
330
9C
100
AcDbDictionary
280
     1
281
     1
  0
DICTIONARY
  5
9D
102
{ACAD_REACTORS
330
9C
102
}
330
9C
100
AcDbDictionary
281
     1
  0
LAYOUT
  5
59
102
{ACAD_REACTORS
330
1A
102
}
330
1A
100
AcDbPlotSettings
  1

  2
none_device
  4
Letter_(8.50_x_11.00_Inches)
  6

 40
6.349999904632568
 41
6.349999904632568
 42
6.350006103515625
 43
6.350006103515625
 44
215.8999938964843
 45
279.3999938964843
 46
0.0
 47
0.0
 48
0.0
 49
0.0
140
0.0
141
0.0
142
1.0
143
1.0
 70
   688
 72
     0
 73
     1
 74
     5
  7

 75
    16
147
1.0
148
0.0
149
0.0
100
AcDbLayout
  1
ceco.net
 70
     1
 71
     1
 10
-0.2500002402958907
 20
-0.2499999962453767
 11
10.74999951940821
 21
8.249999763458731
 12
0.0
 22
0.0
 32
0.0
 14
0.2701083252396472
 24
0.2140672924137945
 34
0.0
 15
10.28254841736568
 25
7.718259395566899
 35
0.0
146
0.0
 13
0.0
 23
0.0
 33
0.0
 16
1.0
 26
0.0
 36
0.0
 17
0.0
 27
1.0
 37
0.0
 76
     0
330
58
331
79
  0
LAYOUT
  5
22
102
{ACAD_REACTORS
330
1A
102
}
330
1A
100
AcDbPlotSettings
  1

  2
none_device
  4
ANSI_A_(8.50_x_11.00_Inches)
  6

 40
6.349999904632568
 41
19.04999923706054
 42
6.350006103515625
 43
19.04998779296875
 44
215.8999938964843
 45
279.3999938964843
 46
0.0
 47
0.0
 48
0.0
 49
0.0
140
0.0
141
0.0
142
1.0
143
2.584895464708373
 70
 11952
 72
     0
 73
     1
 74
     0
  7

 75
     0
147
0.3868628397755418
148
0.0
149
0.0
100
AcDbLayout
  1
Model
 70
     1
 71
     0
 10
0.0
 20
0.0
 11
12.0
 21
9.0
 12
0.0
 22
0.0
 32
0.0
 14
0.0
 24
0.0
 34
0.0
 15
0.0
 25
0.0
 35
0.0
146
0.0
 13
0.0
 23
0.0
 33
0.0
 16
1.0
 26
0.0
 36
0.0
 17
0.0
 27
1.0
 37
0.0
 76
     0
330
1F
  0
MLINESTYLE
  5
18
102
{ACAD_REACTORS
330
17
102
}
330
17
100
AcDbMlineStyle
  2
STANDARD
 70
     0
  3

 62
   256
 51
90.0
 52
90.0
 71
     2
 49
0.5
 62
   256
  6
BYLAYER
 49
-0.5
 62
   256
  6
BYLAYER
  0
ACDBPLACEHOLDER
  5
F
102
{ACAD_REACTORS
330
E
102
}
330
E
  0
DICTIONARYVAR
  5
67
102
{ACAD_REACTORS
330
66
102
}
330
66
100
DictionaryVariables
280
     0
  1
2
  0
DICTIONARYVAR
  5
6B
102
{ACAD_REACTORS
330
66
102
}
330
66
100
DictionaryVariables
280
     0
  1
1
  0
ENDSEC
  0
EOF
